2:48.0,408.0,9.0,777.0,7949.0,1940.0,16.1875,165.604166667,40.4166666667,
516:2.0,3.0,0.0,4.0,6.0,0.0,2.0,3.0,0.0,
517:2.0,3.0,0.0,4.0,6.0,0.0,2.0,3.0,0.0,
520:20.0,210.0,5.0,405.0,4207.0,140.0,20.25,210.35,7.0,
522:20.0,210.0,5.0,405.0,4207.0,140.0,20.25,210.35,7.0,
530:1.0,1.0,0.0,1.0,1.0,0.0,1.0,1.0,0.0,
20:15.0,107.0,63.0,262.0,1849.0,750.0,17.4666666667,123.266666667,50.0,
41:23.0,276.0,25.0,554.0,6480.0,559.0,24.0869565217,281.739130435,24.3043478261,
42:23.0,276.0,25.0,554.0,6480.0,559.0,24.0869565217,281.739130435,24.3043478261,
51:23.0,276.0,25.0,554.0,6480.0,559.0,24.0869565217,281.739130435,24.3043478261,
52:23.0,276.0,25.0,554.0,6480.0,559.0,24.0869565217,281.739130435,24.3043478261,
53:23.0,276.0,25.0,554.0,6480.0,559.0,24.0869565217,281.739130435,24.3043478261,
55:23.0,276.0,25.0,554.0,6480.0,559.0,24.0869565217,281.739130435,24.3043478261,
70:23.0,276.0,25.0,554.0,6480.0,559.0,24.0869565217,281.739130435,24.3043478261,
590:1.0,1.0,20.0,21.0,127.0,37.0,21.0,127.0,37.0,
600:20.0,210.0,5.0,405.0,4207.0,140.0,20.25,210.35,7.0,
90:23.0,276.0,25.0,554.0,6480.0,559.0,24.0869565217,281.739130435,24.3043478261,
91:23.0,276.0,25.0,554.0,6480.0,559.0,24.0869565217,281.739130435,24.3043478261,
92:23.0,276.0,25.0,554.0,6480.0,559.0,24.0869565217,281.739130435,24.3043478261,
93:23.0,276.0,25.0,554.0,6480.0,559.0,24.0869565217,281.739130435,24.3043478261,
94:23.0,276.0,25.0,554.0,6480.0,559.0,24.0869565217,281.739130435,24.3043478261,
95:23.0,276.0,25.0,554.0,6480.0,559.0,24.0869565217,281.739130435,24.3043478261,
100:23.0,276.0,25.0,554.0,6480.0,559.0,24.0869565217,281.739130435,24.3043478261,
101:23.0,276.0,25.0,554.0,6480.0,559.0,24.0869565217,281.739130435,24.3043478261,
615:20.0,210.0,5.0,405.0,4207.0,140.0,20.25,210.35,7.0,
616:20.0,210.0,5.0,405.0,4207.0,140.0,20.25,210.35,7.0,
620:22.0,212.0,22.0,424.0,4321.0,223.0,19.2727272727,196.409090909,10.1363636364,
625:21.0,211.0,4.0,405.0,4207.0,161.0,19.2857142857,200.333333333,7.66666666667,
630:4.0,10.0,74.0,90.0,658.0,167.0,22.5,164.5,41.75,
640:16.0,112.0,46.0,254.0,1830.0,845.0,15.875,114.375,52.8125,
130:23.0,276.0,25.0,554.0,6480.0,559.0,24.0869565217,281.739130435,24.3043478261,
645:21.0,212.0,17.0,420.0,4240.0,199.0,20.0,201.904761905,9.47619047619,
135:23.0,276.0,25.0,554.0,6480.0,559.0,24.0869565217,281.739130435,24.3043478261,
651:21.0,212.0,17.0,420.0,4240.0,199.0,20.0,201.904761905,9.47619047619,
652:20.0,210.0,5.0,405.0,4207.0,140.0,20.25,210.35,7.0,
145:23.0,276.0,25.0,554.0,6480.0,559.0,24.0869565217,281.739130435,24.3043478261,
660:20.0,210.0,5.0,405.0,4207.0,140.0,20.25,210.35,7.0,
150:23.0,276.0,25.0,554.0,6480.0,559.0,24.0869565217,281.739130435,24.3043478261,
663:20.0,210.0,5.0,405.0,4207.0,140.0,20.25,210.35,7.0,
155:23.0,276.0,25.0,554.0,6480.0,559.0,24.0869565217,281.739130435,24.3043478261,
670:20.0,210.0,5.0,405.0,4207.0,140.0,20.25,210.35,7.0,
160:23.0,276.0,25.0,554.0,6480.0,559.0,24.0869565217,281.739130435,24.3043478261,
165:23.0,276.0,25.0,554.0,6480.0,559.0,24.0869565217,281.739130435,24.3043478261,
678:20.0,210.0,5.0,405.0,4207.0,140.0,20.25,210.35,7.0,
680:20.0,210.0,5.0,405.0,4207.0,140.0,20.25,210.35,7.0,
200:21.0,127.0,37.0,270.0,1876.0,1110.0,12.8571428571,89.3333333333,52.8571428571,
690:20.0,210.0,5.0,405.0,4207.0,140.0,20.25,210.35,7.0,
692:20.0,210.0,5.0,405.0,4207.0,140.0,20.25,210.35,7.0,
694:20.0,210.0,5.0,405.0,4207.0,140.0,20.25,210.35,7.0,
696:20.0,210.0,5.0,405.0,4207.0,140.0,20.25,210.35,7.0,
698:20.0,210.0,5.0,405.0,4207.0,140.0,20.25,210.35,7.0,
700:2.0,3.0,15.0,19.0,40.0,84.0,9.5,20.0,42.0,
710:3.0,5.0,13.0,20.0,41.0,101.0,6.66666666667,13.6666666667,33.6666666667,
712:1.0,1.0,15.0,16.0,35.0,71.0,16.0,35.0,71.0,
713:1.0,1.0,47.0,48.0,408.0,9.0,48.0,408.0,9.0,
210:14.0,105.0,51.0,247.0,1816.0,691.0,17.6428571429,129.714285714,49.3571428571,
211:14.0,105.0,51.0,247.0,1816.0,691.0,17.6428571429,129.714285714,49.3571428571,
212:14.0,105.0,51.0,247.0,1816.0,691.0,17.6428571429,129.714285714,49.3571428571,
731:2.0,3.0,15.0,19.0,40.0,84.0,9.5,20.0,42.0,
220:20.0,115.0,79.0,289.0,2072.0,826.0,14.45,103.6,41.3,
740:1.0,1.0,47.0,48.0,408.0,9.0,48.0,408.0,9.0,
230:2.0,3.0,59.0,63.0,515.0,58.0,31.5,257.5,29.0,
235:15.0,107.0,49.0,248.0,1817.0,752.0,16.5333333333,121.133333333,50.1333333333,
750:3.0,3.0,19.0,22.0,47.0,148.0,7.33333333333,15.6666666667,49.3333333333,
770:5.0,11.0,75.0,92.0,660.0,185.0,18.4,132.0,37.0,
771:1.0,1.0,2.0,3.0,3.0,19.0,3.0,3.0,19.0,
260:14.0,105.0,51.0,247.0,1816.0,691.0,17.6428571429,129.714285714,49.3571428571,
265:6.0,21.0,10.0,46.0,140.0,121.0,7.66666666667,23.3333333333,20.1666666667,
800:5.0,15.0,59.0,84.0,580.0,223.0,16.8,116.0,44.6,
290:6.0,21.0,10.0,46.0,140.0,121.0,7.66666666667,23.3333333333,20.1666666667,
732:1.0,1.0,47.0,48.0,408.0,9.0,48.0,408.0,9.0,
310:6.0,21.0,10.0,46.0,140.0,121.0,7.66666666667,23.3333333333,20.1666666667,
315:6.0,21.0,10.0,46.0,140.0,121.0,7.66666666667,23.3333333333,20.1666666667,
325:14.0,105.0,51.0,247.0,1816.0,691.0,17.6428571429,129.714285714,49.3571428571,
840:5.0,15.0,59.0,84.0,580.0,223.0,16.8,116.0,44.6,
140:23.0,276.0,25.0,554.0,6480.0,559.0,24.0869565217,281.739130435,24.3043478261,
350:14.0,105.0,51.0,247.0,1816.0,691.0,17.6428571429,129.714285714,49.3571428571,
355:6.0,21.0,10.0,46.0,140.0,121.0,7.66666666667,23.3333333333,20.1666666667,
360:6.0,21.0,10.0,46.0,140.0,121.0,7.66666666667,23.3333333333,20.1666666667,
365:16.0,35.0,71.0,125.0,788.0,328.0,7.8125,49.25,20.5,
375:1.0,1.0,15.0,16.0,35.0,71.0,16.0,35.0,71.0,
385:14.0,105.0,51.0,247.0,1816.0,691.0,17.6428571429,129.714285714,49.3571428571,
900:5.0,15.0,59.0,84.0,580.0,223.0,16.8,116.0,44.6,
390:14.0,105.0,51.0,247.0,1816.0,691.0,17.6428571429,129.714285714,49.3571428571,
395:14.0,105.0,51.0,247.0,1816.0,691.0,17.6428571429,129.714285714,49.3571428571,
920:5.0,15.0,59.0,84.0,580.0,223.0,16.8,116.0,44.6,
435:20.0,210.0,5.0,405.0,4207.0,140.0,20.25,210.35,7.0,
436:1.0,1.0,21.0,22.0,212.0,22.0,22.0,212.0,22.0,
450:1.0,1.0,47.0,48.0,408.0,9.0,48.0,408.0,9.0,
481:1.0,1.0,19.0,20.0,115.0,79.0,20.0,115.0,79.0,
482:3.0,6.0,17.0,26.0,127.0,113.0,8.66666666667,42.3333333333,37.6666666667,
483:3.0,6.0,17.0,26.0,127.0,113.0,8.66666666667,42.3333333333,37.6666666667,
484:3.0,6.0,17.0,26.0,127.0,113.0,8.66666666667,42.3333333333,37.6666666667,
490:2.0,3.0,0.0,4.0,6.0,0.0,2.0,3.0,0.0,
500:1.0,1.0,20.0,21.0,211.0,4.0,21.0,211.0,4.0,
501:1.0,1.0,0.0,1.0,1.0,0.0,1.0,1.0,0.0,
