2:52.0,592.0,22.0,1154.0,15886.0,1706.0,22.1923076923,305.5,32.8076923077,
516:2.0,3.0,0.0,4.0,6.0,0.0,2.0,3.0,0.0,
517:2.0,3.0,0.0,4.0,6.0,0.0,2.0,3.0,0.0,
520:19.0,190.0,25.0,386.0,3750.0,530.0,20.3157894737,197.368421053,27.8947368421,
522:19.0,190.0,25.0,386.0,3750.0,530.0,20.3157894737,197.368421053,27.8947368421,
530:4.0,7.0,43.0,53.0,275.0,167.0,13.25,68.75,41.75,
20:16.0,122.0,57.0,285.0,2321.0,720.0,17.8125,145.0625,45.0,
540:3.0,6.0,28.0,37.0,100.0,139.0,12.3333333333,33.3333333333,46.3333333333,
541:3.0,4.0,27.0,32.0,78.0,123.0,10.6666666667,26.0,41.0,
31:30.0,465.0,22.0,922.0,14077.0,660.0,30.7333333333,469.233333333,22.0,
41:30.0,465.0,22.0,922.0,14077.0,660.0,30.7333333333,469.233333333,22.0,
42:30.0,465.0,22.0,922.0,14077.0,660.0,30.7333333333,469.233333333,22.0,
560:2.0,2.0,2.0,4.0,5.0,28.0,2.0,2.5,14.0,
51:30.0,465.0,22.0,922.0,14077.0,660.0,30.7333333333,469.233333333,22.0,
52:30.0,465.0,22.0,922.0,14077.0,660.0,30.7333333333,469.233333333,22.0,
53:30.0,465.0,22.0,922.0,14077.0,660.0,30.7333333333,469.233333333,22.0,
54:30.0,465.0,22.0,922.0,14077.0,660.0,30.7333333333,469.233333333,22.0,
55:30.0,465.0,22.0,922.0,14077.0,660.0,30.7333333333,469.233333333,22.0,
56:30.0,465.0,22.0,922.0,14077.0,660.0,30.7333333333,469.233333333,22.0,
57:30.0,465.0,22.0,922.0,14077.0,660.0,30.7333333333,469.233333333,22.0,
58:30.0,465.0,22.0,922.0,14077.0,660.0,30.7333333333,469.233333333,22.0,
60:30.0,465.0,22.0,922.0,14077.0,660.0,30.7333333333,469.233333333,22.0,
70:30.0,465.0,22.0,922.0,14077.0,660.0,30.7333333333,469.233333333,22.0,
600:19.0,190.0,25.0,386.0,3750.0,530.0,20.3157894737,197.368421053,27.8947368421,
90:30.0,465.0,22.0,922.0,14077.0,660.0,30.7333333333,469.233333333,22.0,
91:30.0,465.0,22.0,922.0,14077.0,660.0,30.7333333333,469.233333333,22.0,
92:30.0,465.0,22.0,922.0,14077.0,660.0,30.7333333333,469.233333333,22.0,
93:30.0,465.0,22.0,922.0,14077.0,660.0,30.7333333333,469.233333333,22.0,
94:30.0,465.0,22.0,922.0,14077.0,660.0,30.7333333333,469.233333333,22.0,
95:30.0,465.0,22.0,922.0,14077.0,660.0,30.7333333333,469.233333333,22.0,
100:30.0,465.0,22.0,922.0,14077.0,660.0,30.7333333333,469.233333333,22.0,
101:30.0,465.0,22.0,922.0,14077.0,660.0,30.7333333333,469.233333333,22.0,
615:19.0,190.0,25.0,386.0,3750.0,530.0,20.3157894737,197.368421053,27.8947368421,
616:19.0,190.0,25.0,386.0,3750.0,530.0,20.3157894737,197.368421053,27.8947368421,
620:23.0,195.0,48.0,415.0,3916.0,686.0,18.0434782609,170.260869565,29.8260869565,
625:20.0,191.0,25.0,387.0,3751.0,550.0,19.35,187.55,27.5,
115:30.0,465.0,22.0,922.0,14077.0,660.0,30.7333333333,469.233333333,22.0,
640:15.0,120.0,41.0,266.0,2278.0,648.0,17.7333333333,151.866666667,43.2,
130:30.0,465.0,22.0,922.0,14077.0,660.0,30.7333333333,469.233333333,22.0,
645:20.0,193.0,39.0,405.0,3792.0,604.0,20.25,189.6,30.2,
135:30.0,465.0,22.0,922.0,14077.0,660.0,30.7333333333,469.233333333,22.0,
651:2.0,2.0,20.0,22.0,193.0,77.0,11.0,96.5,38.5,
652:20.0,193.0,39.0,405.0,3792.0,604.0,20.25,189.6,30.2,
145:30.0,465.0,22.0,922.0,14077.0,660.0,30.7333333333,469.233333333,22.0,
660:19.0,190.0,25.0,386.0,3750.0,530.0,20.3157894737,197.368421053,27.8947368421,
150:30.0,465.0,22.0,922.0,14077.0,660.0,30.7333333333,469.233333333,22.0,
663:19.0,190.0,25.0,386.0,3750.0,530.0,20.3157894737,197.368421053,27.8947368421,
666:2.0,2.0,52.0,54.0,594.0,42.0,27.0,297.0,21.0,
155:30.0,465.0,22.0,922.0,14077.0,660.0,30.7333333333,469.233333333,22.0,
670:19.0,190.0,25.0,386.0,3750.0,530.0,20.3157894737,197.368421053,27.8947368421,
160:30.0,465.0,22.0,922.0,14077.0,660.0,30.7333333333,469.233333333,22.0,
165:30.0,465.0,22.0,922.0,14077.0,660.0,30.7333333333,469.233333333,22.0,
678:19.0,190.0,25.0,386.0,3750.0,530.0,20.3157894737,197.368421053,27.8947368421,
680:22.0,198.0,43.0,417.0,3825.0,676.0,18.9545454545,173.863636364,30.7272727273,
200:15.0,120.0,41.0,266.0,2278.0,648.0,17.7333333333,151.866666667,43.2,
690:19.0,190.0,25.0,386.0,3750.0,530.0,20.3157894737,197.368421053,27.8947368421,
692:19.0,190.0,25.0,386.0,3750.0,530.0,20.3157894737,197.368421053,27.8947368421,
694:19.0,190.0,25.0,386.0,3750.0,530.0,20.3157894737,197.368421053,27.8947368421,
696:19.0,190.0,25.0,386.0,3750.0,530.0,20.3157894737,197.368421053,27.8947368421,
698:19.0,190.0,25.0,386.0,3750.0,530.0,20.3157894737,197.368421053,27.8947368421,
700:1.0,1.0,2.0,3.0,3.0,53.0,3.0,3.0,53.0,
710:1.0,1.0,1.0,2.0,2.0,19.0,2.0,2.0,19.0,
712:1.0,1.0,19.0,20.0,45.0,88.0,20.0,45.0,88.0,
210:15.0,120.0,41.0,266.0,2278.0,648.0,17.7333333333,151.866666667,43.2,
211:15.0,120.0,41.0,266.0,2278.0,648.0,17.7333333333,151.866666667,43.2,
212:15.0,120.0,41.0,266.0,2278.0,648.0,17.7333333333,151.866666667,43.2,
731:2.0,2.0,19.0,21.0,46.0,89.0,10.5,23.0,44.5,
220:18.0,124.0,77.0,307.0,2515.0,765.0,17.0555555556,139.722222222,42.5,
740:1.0,1.0,51.0,52.0,592.0,22.0,52.0,592.0,22.0,
230:15.0,120.0,41.0,266.0,2278.0,648.0,17.7333333333,151.866666667,43.2,
235:15.0,120.0,41.0,266.0,2278.0,648.0,17.7333333333,151.866666667,43.2,
750:3.0,3.0,21.0,24.0,49.0,143.0,8.0,16.3333333333,47.6666666667,
770:3.0,3.0,53.0,56.0,596.0,45.0,18.6666666667,198.666666667,15.0,
771:1.0,1.0,2.0,3.0,3.0,21.0,3.0,3.0,21.0,
260:15.0,120.0,41.0,266.0,2278.0,648.0,17.7333333333,151.866666667,43.2,
265:10.0,31.0,33.0,85.0,372.0,369.0,8.5,37.2,36.9,
290:6.0,21.0,21.0,57.0,167.0,240.0,9.5,27.8333333333,40.0,
732:1.0,1.0,51.0,52.0,592.0,22.0,52.0,592.0,22.0,
816:1.0,1.0,19.0,20.0,45.0,88.0,20.0,45.0,88.0,
310:7.0,24.0,18.0,59.0,170.0,271.0,8.42857142857,24.2857142857,38.7142857143,
315:7.0,23.0,40.0,79.0,360.0,269.0,11.2857142857,51.4285714286,38.4285714286,
325:15.0,120.0,41.0,266.0,2278.0,648.0,17.7333333333,151.866666667,43.2,
840:1.0,1.0,51.0,52.0,592.0,22.0,52.0,592.0,22.0,
140:30.0,465.0,22.0,922.0,14077.0,660.0,30.7333333333,469.233333333,22.0,
338:1.0,1.0,22.0,23.0,195.0,48.0,23.0,195.0,48.0,
350:15.0,120.0,41.0,266.0,2278.0,648.0,17.7333333333,151.866666667,43.2,
355:7.0,23.0,40.0,79.0,360.0,269.0,11.2857142857,51.4285714286,38.4285714286,
360:6.0,21.0,21.0,57.0,167.0,240.0,9.5,27.8333333333,40.0,
572:1.0,1.0,1.0,2.0,2.0,2.0,2.0,2.0,2.0,
365:20.0,45.0,88.0,158.0,999.0,642.0,7.9,49.95,32.1,
375:1.0,1.0,19.0,20.0,45.0,88.0,20.0,45.0,88.0,
385:15.0,120.0,41.0,266.0,2278.0,648.0,17.7333333333,151.866666667,43.2,
900:1.0,1.0,51.0,52.0,592.0,22.0,52.0,592.0,22.0,
390:15.0,120.0,41.0,266.0,2278.0,648.0,17.7333333333,151.866666667,43.2,
395:15.0,120.0,41.0,266.0,2278.0,648.0,17.7333333333,151.866666667,43.2,
402:15.0,120.0,20.0,245.0,1991.0,341.0,16.3333333333,132.733333333,22.7333333333,
404:15.0,120.0,20.0,245.0,1991.0,341.0,16.3333333333,132.733333333,22.7333333333,
420:15.0,120.0,20.0,245.0,1991.0,341.0,16.3333333333,132.733333333,22.7333333333,
432:15.0,120.0,20.0,245.0,1991.0,341.0,16.3333333333,132.733333333,22.7333333333,
433:15.0,120.0,20.0,245.0,1991.0,341.0,16.3333333333,132.733333333,22.7333333333,
434:15.0,120.0,20.0,245.0,1991.0,341.0,16.3333333333,132.733333333,22.7333333333,
435:34.0,310.0,11.0,597.0,5431.0,894.0,17.5588235294,159.735294118,26.2941176471,
436:15.0,120.0,20.0,245.0,1991.0,341.0,16.3333333333,132.733333333,22.7333333333,
437:15.0,120.0,20.0,245.0,1991.0,341.0,16.3333333333,132.733333333,22.7333333333,
438:15.0,120.0,20.0,245.0,1991.0,341.0,16.3333333333,132.733333333,22.7333333333,
439:15.0,120.0,20.0,245.0,1991.0,341.0,16.3333333333,132.733333333,22.7333333333,
450:16.0,121.0,70.0,296.0,2582.0,313.0,18.5,161.375,19.5625,
451:15.0,120.0,20.0,245.0,1991.0,341.0,16.3333333333,132.733333333,22.7333333333,
452:15.0,120.0,20.0,245.0,1991.0,341.0,16.3333333333,132.733333333,22.7333333333,
461:15.0,120.0,20.0,245.0,1991.0,341.0,16.3333333333,132.733333333,22.7333333333,
475:15.0,120.0,20.0,245.0,1991.0,341.0,16.3333333333,132.733333333,22.7333333333,
481:1.0,1.0,17.0,18.0,124.0,77.0,18.0,124.0,77.0,
484:1.0,1.0,19.0,20.0,45.0,88.0,20.0,45.0,88.0,
490:2.0,3.0,0.0,4.0,6.0,0.0,2.0,3.0,0.0,
501:1.0,1.0,3.0,4.0,7.0,43.0,4.0,7.0,43.0,
